60	35.11	6.66	7.52	7.25
60	33.97	4.62	6.87	4.46
240	137.91	22.34	37.47	20.59
240	134.33	21.95	37.88	24.20
960	599.16	173.31	175.78	172.23
960	624.19	173.29	175.61	175.67
1920	1291.27	346.42	356.82	347.19
1920	1191.70	349.70	355.07	349.76
3840	2411.86	694.46	704.32	694.92
3840	2376.71	766.09	767.75	708.83
7680	4966.86	2745.73	2700.29	2764.61
7680	4643.82	2899.62	2756.53	2703.63
15360	10850.58	6051.97	5749.83	5566.03
15360	10894.67	5756.49	5758.27	5728.71
30720	20885.02	11101.07	11016.77	11206.81
30720	21531.74	11014.26	10665.64	11180.51
61440	56794.37	33875.01	32582.41	31365.87
61440	55241.39	32585.74	35483.36	32529.88
