1	3.023596		0.955106		0.464804
1	3.026729		0.954997		0.464890
4	0.765336		0.240828		0.117687
4	0.768889		0.241379		0.117979
8	0.421853		0.127566		0.062124
8	0.421359		0.127562		0.062124
12	0.286703		0.085082		0.041438
12	0.286662		0.085088		0.041440
16	0.215119		0.063829		0.031091
16	0.215031		0.063833		0.031095
20	0.172091		0.051106		0.024896
20	0.172073		0.051106		0.024896
24	0.175538		0.051881		0.025404
24	0.176286		0.051996		0.025564
28	0.177723		0.052492		0.025273
28	0.175675		0.052653		0.025564
32	0.177876		0.052559		0.025816
32	0.175413		0.053001		0.025695
40	0.176701		0.052533		0.025617
40	0.176618		0.052858		0.025686
