1	0.467246		0.110724		0.111646
1	0.467221		0.110693		0.111649
4	0.118534		0.027951		0.028025
4	0.119435		0.027803		0.028160
8	0.064793		0.014838		0.014973
8	0.064558		0.014837		0.014971
12	0.043683		0.009900		0.009992
12	0.044463		0.009899		0.009988
16	0.033355		0.007428		0.007495
16	0.033355		0.007427		0.007495
20	0.028112		0.006263		0.006005
20	0.028114		0.006264		0.006326
24	0.026759		0.005963		0.006016
24	0.026814		0.005967		0.006015
28	0.026978		0.005965		0.006021
28	0.027183		0.005968		0.006022
32	0.026814		0.005968		0.006019
32	0.027287		0.005968		0.006018
40	0.027214		0.005984		0.006032
40	0.028446		0.006235		0.006026
