60	220.91	103.74	60.30
60	218.10	103.70	62.20
240	1023.59	288.30	292.82
240	1008.23	287.38	294.99
960	2572.05	1346.07	1249.11
960	2927.58	1693.24	1580.44
1920	5082.63	2414.52	2273.85
1920	4913.43	2420.32	1991.93
3840	12711.98	8598.38	7438.43
3840	10012.50	5155.93	4946.68
7680	29499.55	18062.14	16899.51
7680	29854.74	17980.78	17119.96
15360	85914.97	47872.64	45408.49
15360	72880.46	46650.06	58145.49
30720	178828.56	125146.68	122612.88
30720	167692.24	107143.63	104490.23
61440	888681.80	709052.08	702777.26
61440	714261.83	533383.32	532620.17
122880	3326658.08	3184028.11	3164838.58
