60	48.57	48.94	68.01	48.58
60	41.70	75.96	62.34	70.49
240	208.32	279.37	290.22	280.59
240	149.27	256.75	256.38	261.82
960	528.20	773.80	669.33	771.53
960	602.53	1045.61	1018.03	1039.40
1920	1565.76	1550.17	1338.27	1546.17
1920	1322.65	1559.74	1342.26	1548.90
3840	2744.32	4169.63	3711.72	4577.53
3840	1967.03	3135.08	2746.55	3091.45
7680	6308.22	6463.76	5725.98	6417.99
7680	5505.03	6444.14	5736.34	6423.70
15360	13311.40	13913.37	12707.94	12802.95
15360	14195.32	12932.71	11497.57	12867.05
30720	22184.61	29944.32	23182.26	26330.39
30720	24538.01	26121.50	25180.85	25696.67
61440	75357.94	86491.59	78074.76	87091.22
61440	80909.58	89630.97	79034.10	90155.44
