4096	0.210057	0.008624	4096	2.930220		0.323726		0.464777
4096	0.210026	0.008561	4096	2.934026		0.323647		0.464788
9216	0.452812	0.017557	9216	6.580490		0.707274		1.032072
9216	0.453198	0.017593	9216	6.574212		0.709202		1.038973
16384	0.811249	0.030165	16384	11.702146		1.242786		1.826292
16384	0.811368	0.030219	16384	11.697209		1.244327		1.820681
25600	1.241812	0.045381	25600	18.286085		1.922129		2.830670
25600	1.241996	0.045428	25600	18.262953		1.920976		2.825748
36864	1.781352	0.064721	36864	26.301193		2.768550		4.050550
36864	1.781851	0.064648	36864	26.301590		2.745643		4.053518
65536	3.167315	0.112164	65536	46.782934		4.839413		7.167093
65536	3.166849	0.112125	65536	46.774775		4.841482		7.166963
