32	0.000103		0.000108		0.000118
32	0.000112		0.000117		0.000118
64	0.000128		0.000122		0.000070
64	0.000128		0.000121		0.000119
128	0.000222		0.000135		0.000135
128	0.000157		0.000134		0.000135
256	0.000463		0.000184		0.000179
256	0.000464		0.000181		0.000185
512	0.001475		0.000459		0.000473
512	0.001489		0.000460		0.000467
1024	0.003634		0.001140		0.000890
1024	0.003755		0.001018		0.001010
2048	0.006782		0.001676		0.001690
2048	0.006761		0.001678		0.001689
4096	0.027409		0.005975		0.006025
4096	0.027359		0.005971		0.006029
6144	0.061011		0.012713		0.012830
6144	0.060921		0.012720		0.012823
8192	0.108172		0.021979		0.022265
8192	0.108835		0.021991		0.022285
10240	0.166351		0.033606		0.033801
10240	0.166946		0.033534		0.034018
12288	0.239648		0.047570		0.048142
12288	0.239841		0.047788		0.048285
16384	0.424264		0.082693		0.083627
16384	0.424487		0.083018		0.083676
