1	2.616949		0.693601		0.465061
1	2.615016		0.693237		0.465467
4	0.687563		0.175752		0.117770
4	0.665531		0.174859		0.116654
8	0.362610		0.092624		0.062121
8	0.363974		0.092624		0.062135
12	0.247891		0.061773		0.041439
12	0.247887		0.061774		0.041441
16	0.185921		0.046347		0.031093
16	0.185920		0.046347		0.031093
20	0.157032		0.037108		0.024898
20	0.156973		0.039212		0.026239
24	0.152321		0.037818		0.025298
24	0.150388		0.037515		0.025233
28	0.153091		0.038116		0.025496
28	0.151098		0.037978		0.025544
32	0.151331		0.037822		0.025681
32	0.154102		0.037914		0.025557
40	0.153737		0.038367		0.025613
40	0.153145		0.037924		0.026001
