1	30.930322		3.050235		4.620068
1	30.930966		3.156351		4.620265
4	7.832314		0.775012		1.173045
4	7.860222		0.775752		1.176916
8	4.307249		0.408238		0.619081
8	4.309409		0.408314		0.618437
12	2.940234		0.273757		0.414655
12	2.944557		0.273759		0.414674
16	2.228934		0.204221		0.309244
16	2.232907		0.204116		0.309292
20	1.799174		0.165526		0.250705
20	1.902620		0.172073		0.250712
24	1.805983		0.165153		0.250541
24	1.812023		0.165596		0.250769
28	1.807527		0.164930		0.250778
28	1.794657		0.165112		0.252105
32	1.802115		0.165191		0.251037
32	1.793278		0.165968		0.251456
40	1.808284		0.166171		0.250129
40	1.796058		0.166701		0.251051
