60	2653.06	2100.67	1998.42
60	2727.92	2098.75	2034.75
240	7160.89	7362.25	6674.34
240	7224.79	7350.46	6695.10
960	28184.01	30275.01	28250.44
960	28163.61	30090.51	28204.67
1920	57198.98	61540.61	61155.93
1920	57233.48	61489.31	61843.51
3840	104822.99	120640.99	117060.71
3840	111814.49	127734.75	124116.20
7680	250192.98	273875.41	260932.45
7680	249644.63	269469.77	260075.72
15360	521853.00	561931.83	540623.38
15360	526278.29	569371.24	545279.35
30720	1085381.63	1165240.68	1122650.38
30720	1081678.17	1154545.97	1117147.39
61440	2237132.34	2402220.59	2322476.74
61440	2260735.33	2405915.48	2322370.71
