4096	4.66	43.46	4096	5.56	6.39	4096	5.67	5.63	4096	7.39	5.52	4096	6.05	5.58
4096	4.52	41.70	4096	5.59	6.13	4096	5.69	5.72	4096	7.27	5.45	4096	6.11	5.55
9216	5.12	52.72	9216	6.23	7.02	9216	6.54	6.46	9216	8.24	6.20	9216	6.75	6.24
9216	7.54	78.66	9216	6.49	7.25	9216	6.39	6.48	9216	8.35	6.22	9216	6.83	6.32
16384	6.46	69.01	16384	6.65	7.39	16384	6.76	6.79	16384	8.71	6.47	16384	7.24	6.48
16384	6.20	68.53	16384	6.58	7.34	16384	6.77	6.64	16384	8.66	6.44	16384	7.18	6.45
25600	6.15	67.43	25600	6.65	7.66	25600	6.96	6.89	25600	9.22	6.76	25600	7.31	6.49
25600	6.25	68.17	25600	6.57	7.44	25600	6.95	7.01	25600	9.24	6.76	25600	7.45	6.71
36864	5.84	64.84	36864	6.87	7.72	36864	7.05	7.06	36864	9.47	6.90	36864	7.73	6.76
36864	5.98	66.52	36864	6.83	7.66	36864	7.08	7.01	36864	9.19	6.76	36864	7.75	6.88
65536	5.63	63.81	65536	7.37	8.17	65536	7.58	7.41	65536	9.27	6.77	65536	7.85	6.78
65536	5.63	63.54	65536	7.47	8.33	65536	6.95	7.01	65536	9.92	7.26	65536	8.18	7.16
