0	0.75	6.88	1.64	2.92	1.87	2.49	1.82	1.82	0.59	1.65
0	0.84	6.91	1.64	2.94	1.13	1.56	2.93	2.86	1.00	2.83
1	0.83	8.16	1.13	2.13	2.21	3.14	3.55	3.56	2.87	2.05
1	0.84	8.22	1.19	2.25	2.23	3.14	3.48	3.51	3.16	2.26
4	1.23	13.94	1.65	3.18	1.93	2.76	4.21	4.26	5.09	4.49
4	1.30	14.74	2.45	4.65	1.90	2.77	3.08	3.07	5.00	4.56
16	1.82	19.22	3.18	6.30	3.71	5.42	4.31	4.28	5.86	6.09
16	1.76	16.82	3.17	6.98	3.72	5.48	4.41	4.36	6.54	6.11
64	2.70	17.40	2.36	4.10	2.76	4.05	4.56	4.46	5.28	4.35
64	2.31	14.66	2.29	4.31	2.59	3.82	4.36	4.31	5.43	4.45
256	2.26	32.23	3.41	6.96	4.26	6.25	6.88	6.79	8.34	6.64
256	2.28	31.79	3.18	7.18	3.86	5.98	6.79	6.71	9.10	7.01
1024	2.52	32.51	3.27	6.99	3.90	6.09	6.70	6.52	9.61	6.50
1024	2.48	32.33	3.23	6.84	3.99	6.13	6.84	6.82	9.41	6.58
2304	2.61	32.25	3.26	6.70	3.88	5.88	6.71	6.61	9.40	6.53
2304	2.56	31.70	3.26	6.71	3.92	5.82	6.57	6.44	9.40	6.52
4096	2.65	32.07	3.31	6.93	3.98	6.02	6.64	6.58	9.45	6.60
4096	2.65	32.13	3.34	6.91	3.97	6.00	6.75	6.66	9.49	6.51
9216	2.73	33.71	3.41	7.03	4.06	6.02	6.84	6.76	9.65	6.73
9216	2.74	33.94	3.41	7.06	4.06	6.06	6.89	6.82	9.83	6.78
16384	2.73	33.95	3.45	7.03	4.10	6.09	6.80	6.80	9.94	6.82
16384	2.69	33.01	3.42	7.04	4.06	6.10	6.92	6.90	9.97	6.74
25600	2.83	35.18	3.51	7.25	4.13	6.12	7.07	6.98	10.33	7.05
25600	2.74	34.05	3.51	7.21	4.12	6.17	7.01	6.99	10.26	7.00
36864	2.75	34.32	3.53	7.22	4.25	6.30	7.13	7.08	10.28	7.00
36864	2.72	33.50	3.54	7.23	4.26	6.31	7.01	6.99	10.40	7.06
65536	2.78	34.41	3.54	7.23	4.27	6.35	7.04	6.99	10.22	7.00
65536	2.76	34.25	3.53	7.23	4.18	6.23	7.04	7.00	10.35	6.99
