0	0.000846	0.001134	0.000358	0.000219	0.000314	0.000168	0.000218	0.000120	0.000206	0.000350	0.000125
0	0.000843	0.001005	0.000359	0.000219	0.000186	0.000164	0.000349	0.000119	0.000348	0.000349	0.000123
1	0.001681	0.002034	0.000457	0.000404	0.000675	0.000305	0.000755	0.000213	0.000439	0.000153	0.000214
1	0.001701	0.002021	0.000478	0.000401	0.000669	0.000300	0.000752	0.000216	0.000493	0.000156	0.000218
4	0.004252	0.003454	0.000987	0.000598	0.000855	0.000443	0.001308	0.000311	0.001405	0.000276	0.000313
4	0.004498	0.003456	0.001451	0.000593	0.000846	0.000445	0.000948	0.000308	0.001419	0.000284	0.000311
16	0.008495	0.004671	0.003082	0.000969	0.002659	0.000716	0.002098	0.000487	0.002986	0.000510	0.000490
16	0.008177	0.004659	0.003084	0.000974	0.002667	0.000716	0.002140	0.000485	0.002976	0.000455	0.000487
64	0.018076	0.006694	0.005385	0.002286	0.004996	0.001807	0.005499	0.001205	0.005311	0.001006	0.001221
64	0.017779	0.007684	0.005652	0.002466	0.004679	0.001810	0.005298	0.001215	0.005449	0.001004	0.001224
256	0.057825	0.025606	0.012512	0.003667	0.011233	0.002638	0.012211	0.001775	0.011853	0.001422	0.001784
256	0.056996	0.024961	0.012882	0.004056	0.010706	0.002773	0.012042	0.001773	0.012584	0.001382	0.001794
1024	0.214470	0.085067	0.046618	0.014277	0.040284	0.010318	0.044659	0.006663	0.045444	0.004729	0.006988
1024	0.213043	0.085835	0.047215	0.014631	0.040174	0.010066	0.044757	0.006547	0.044491	0.004729	0.006759
2304	0.478418	0.183520	0.099961	0.030687	0.086891	0.022411	0.098356	0.014669	0.097852	0.010412	0.014994
2304	0.471699	0.184503	0.100506	0.030857	0.087236	0.022268	0.097171	0.014780	0.097544	0.010375	0.014968
4096	0.835322	0.315231	0.176887	0.053427	0.153702	0.038648	0.170337	0.025654	0.170511	0.018036	0.025849
4096	0.832715	0.314334	0.176300	0.052763	0.152698	0.038435	0.171381	0.025375	0.169373	0.017855	0.026011
9216	1.888771	0.692843	0.393238	0.115254	0.338823	0.083430	0.378284	0.055267	0.376116	0.038989	0.055894
9216	1.902295	0.693055	0.393734	0.115569	0.337119	0.083000	0.380594	0.055277	0.381551	0.038814	0.056269
16384	3.327549	1.218621	0.692805	0.200824	0.599789	0.146327	0.668793	0.098346	0.668670	0.067243	0.098009
16384	3.363756	1.252287	0.690908	0.202240	0.597290	0.147197	0.676660	0.097843	0.670808	0.067281	0.099526
25600	5.359596	1.894657	1.102614	0.314406	0.932119	0.225947	1.063823	0.150369	1.069298	0.103489	0.151726
25600	5.189943	1.893647	1.100113	0.313836	0.937961	0.227820	1.062729	0.151647	1.066562	0.103918	0.152314
36864	7.454366	2.712625	1.571252	0.445737	1.376279	0.323889	1.547324	0.217117	1.522098	0.148057	0.217421
36864	7.489043	2.754350	1.575759	0.445046	1.375857	0.323070	1.517729	0.216531	1.540011	0.148087	0.218194
65536	13.351583	4.802811	2.792619	0.788262	2.443512	0.572184	2.687175	0.381803	2.688037	0.263001	0.383928
65536	13.243191	4.800285	2.780786	0.788690	2.401265	0.574051	2.690048	0.381902	2.695924	0.260415	0.385815
