1	2.61	33.07	3.17	6.51	3.77	5.63	6.34	6.29	9.04	6.29
1	2.64	33.04	3.17	6.51	3.77	5.62	6.34	6.30	9.04	6.30
4	2.61	32.82	3.18	6.50	3.91	5.84	6.35	6.29	9.03	6.30
4	2.63	33.07	3.19	6.52	3.81	5.71	6.33	6.34	9.01	6.27
8	2.66	33.27	3.31	6.79	3.91	5.84	6.55	6.50	9.37	6.52
8	2.65	33.14	3.30	6.78	3.93	5.86	6.54	6.49	9.38	6.57
12	2.67	33.36	3.37	6.92	4.01	5.98	6.75	6.70	9.61	6.70
12	2.67	33.41	3.37	6.92	4.01	5.98	6.75	6.70	9.61	6.70
16	2.72	34.03	3.37	6.92	4.01	5.98	6.75	6.69	9.60	6.69
16	2.69	33.63	3.37	6.92	4.01	5.98	6.74	6.69	9.60	6.69
20	2.65	33.09	3.37	6.91	4.23	6.31	7.12	7.07	9.58	6.69
20	2.65	33.04	3.37	6.91	4.00	5.98	6.74	6.69	9.59	6.69
24	2.66	33.15	3.38	6.91	4.03	6.02	6.84	6.68	9.49	6.69
24	2.65	32.66	3.39	6.90	4.01	5.96	6.74	6.67	9.71	6.67
28	2.66	32.64	3.39	7.03	4.02	6.00	6.61	6.61	9.50	6.59
28	2.65	32.86	3.34	6.87	3.98	5.92	6.55	6.60	9.60	6.58
32	2.65	32.43	3.38	6.89	4.00	5.89	6.75	6.67	9.57	6.56
32	2.65	32.28	3.31	6.83	4.06	6.03	6.71	6.62	9.43	6.56
40	2.62	32.27	3.36	6.90	4.01	6.00	6.79	6.77	9.55	6.68
40	2.64	32.59	3.34	6.88	4.04	5.89	6.63	6.60	9.56	6.61
