1	15.374499	5.898693	3.023596	0.955106	2.616949	0.693601	2.926962	0.461885	2.926544	0.323784	0.465066
1	15.356606	5.818105	3.026729	0.954997	2.615016	0.693237	2.927131	0.461939	2.927708	0.323739	0.464853
4	3.867419	1.482060	0.765336	0.240828	0.687563	0.175752	0.741890	0.116875	0.741595	0.082082	0.117744
4	3.899273	1.482225	0.768889	0.241379	0.665531	0.174859	0.738834	0.116782	0.740002	0.082117	0.118077
8	2.067175	0.776419	0.421853	0.127566	0.362610	0.092624	0.404083	0.061703	0.405310	0.043279	0.062121
8	2.058653	0.777003	0.421359	0.127562	0.363974	0.092624	0.403353	0.061701	0.407887	0.043492	0.062125
12	1.382145	0.518508	0.286703	0.085082	0.247891	0.061773	0.277472	0.041135	0.277519	0.028884	0.041437
12	1.384362	0.518465	0.286662	0.085088	0.247887	0.061774	0.277502	0.041141	0.277491	0.028883	0.041444
16	1.057978	0.388413	0.215119	0.063829	0.185921	0.046347	0.208135	0.030857	0.208110	0.021679	0.031089
16	1.045633	0.388677	0.215031	0.063833	0.185920	0.046347	0.208097	0.030866	0.208119	0.021679	0.031093
20	0.823775	0.311279	0.172091	0.051106	0.157032	0.037108	0.175947	0.024716	0.166576	0.017388	0.024893
20	0.822568	0.310886	0.172073	0.051106	0.156973	0.039212	0.166522	0.024707	0.166535	0.017364	0.024896
24	0.835721	0.313704	0.175538	0.051881	0.152321	0.037818	0.171353	0.025054	0.168689	0.017780	0.025217
24	0.830183	0.313007	0.176286	0.051996	0.150388	0.037515	0.169335	0.025119	0.170846	0.017597	0.025617
28	0.834025	0.313098	0.177723	0.052492	0.153091	0.038116	0.170015	0.025740	0.169444	0.017828	0.025698
28	0.831984	0.313772	0.175675	0.052653	0.151098	0.037978	0.168683	0.025746	0.170489	0.017760	0.025924
32	0.830105	0.312878	0.177876	0.052559	0.151331	0.037822	0.171497	0.025391	0.169926	0.017753	0.025921
32	0.832785	0.313883	0.175413	0.053001	0.154102	0.037914	0.169933	0.025336	0.169670	0.017999	0.025882
40	0.832858	0.317459	0.176701	0.052533	0.153737	0.038367	0.173624	0.025559	0.171663	0.017984	0.025705
40	0.832480	0.315086	0.176618	0.052858	0.153145	0.037924	0.169966	0.025630	0.170955	0.017887	0.025861
