60	59.84	51.47	77.31	
60	63.05	58.72	74.12	
240	220.84	129.65	221.44	
240	187.44	154.89	150.97	
960	624.92	576.40	587.86	
960	609.87	588.30	589.08	
1920	4956.65	4114.38	4946.19	
1920	6008.37	4116.04	4125.94	
3840	9515.02	9480.67	9516.07	
3840	9223.65	10655.06	9235.15	
7680	29091.88	24266.98	28996.63	
7680	22589.91	22722.46	22600.14	
15360	60064.41	59455.41	60291.01	
15360	59351.09	62379.35	59346.48	
30720	122062.38	122495.50	122052.24	
30720	122266.68	122848.02	122141.69	
61440	301759.53	295627.93	312089.63	
61440	293485.01	301210.43	316506.82	
