1	27.624462		6.890467		4.620153
1	27.626701		6.892028		4.619982
4	6.985556		1.748965		1.171322
4	7.009509		1.814384		1.165466
8	3.843961		0.921915		0.618839
8	3.860034		0.923462		0.618971
12	2.650774		0.618410		0.414669
12	2.650034		0.618418		0.414655
16	1.994465		0.461290		0.309224
16	1.989417		0.461207		0.309136
20	1.608775		0.373889		0.250702
20	1.707441		0.391265		0.260802
24	1.602501		0.373069		0.250813
24	1.610217		0.374360		0.250756
28	1.612085		0.375224		0.250601
28	1.622211		0.376347		0.249857
32	1.609687		0.376586		0.251336
32	1.609897		0.373244		0.251830
40	1.604115		0.373718		0.250524
40	1.604477		0.375450		0.250628
