60 1.26296 1.32758 12.0097
60 1.29978 1.34067 12.5077
240 0.97265 1.0729 6.99586
240 0.982903 1.07912 7.16582
960 0.930933 0.997649 10.9578
960 0.935963 0.998544 9.6201
1920 0.929451 0.935297 11.2538
1920 0.930787 0.925457 11.6484
3840 0.868884 0.895458 8.246
3840 0.875365 0.900886 11.1675
7680 0.913528 0.958842 8.48125
7680 0.926429 0.959892 8.36198
15360 0.928677 0.96528 6.07406
15360 0.924315 0.965154 7.22112
30720 0.931466 0.966803 6.0694
30720 0.936886 0.96825 6.45038
61440 0.931277 0.963253 2.51736
61440 0.939657 0.97346 3.16514
