60	496.43	30.60	14.93
60	391.74	24.37	12.77
240	567.88	41.51	12.27
240	580.03	41.05	28.79
960	1455.09	278.45	89.70
960	1495.69	269.71	68.75
1920	2457.45	1004.73	281.22
1920	2604.66	1038.45	280.18
3840	4521.83	2285.76	712.19
3840	4546.20	2129.48	800.89
7680	8623.34	4598.72	1188.83
7680	8704.42	4097.95	1841.20
15360	16746.67	9663.67	3163.44
15360	16859.58	8991.58	3210.66
30720	33597.28	23495.86	7497.76
30720	33662.81	24466.39	7450.18
61440	76961.35	64551.94	14239.05
61440	79602.79	64947.27	15299.78
122880	132258.67	115137.82	26928.17
122880	131868.34	117228.91	27058.54
