0	0.000357		0.000220		0.000123
0	0.000360		0.000215		0.000124
1	0.000448		0.000399		0.000214
1	0.000451		0.000404		0.000210
4	0.001548		0.000598		0.000308
4	0.001546		0.000599		0.000309
16	0.003077		0.000970		0.000489
16	0.003005		0.000973		0.000489
64	0.005686		0.002313		0.001229
64	0.005358		0.002468		0.001229
256	0.013065		0.003667		0.001793
256	0.013298		0.003677		0.001787
1024	0.047317		0.014641		0.006579
1024	0.046275		0.014468		0.006672
4096	0.176973		0.052459		0.025922
4096	0.177262		0.052474		0.025802
9216	0.392541		0.114601		0.055950
9216	0.388101		0.115108		0.056185
16384	0.692368		0.200646		0.098242
16384	0.691298		0.202531		0.097890
25600	1.101456		0.310369		0.152223
25600	1.096627		0.310085		0.153123
36864	1.573767		0.444373		0.217736
36864	1.571263		0.446038		0.217955
65536	2.775080		0.787882		0.385632
65536	2.772484		0.787615		0.384469
