4096	31.46	4096	26.20	4096	26.22	4096	30.42	4096	30.36
4096	31.42	4096	26.21	4096	26.21	4096	30.30	4096	30.40
9216	31.72	9216	26.48	9216	26.46	9216	30.54	9216	30.60
9216	31.73	9216	26.48	9216	26.47	9216	30.52	9216	30.53
16384	31.76	16384	26.50	16384	26.49	16384	30.65	16384	30.64
16384	31.75	16384	26.49	16384	26.48	16384	30.68	16384	30.66
25600	31.76	25600	26.50	25600	26.49	25600	30.63	25600	30.64
25600	31.76	25600	26.50	25600	26.50	25600	30.61	25600	30.63
36864	31.75	36864	26.51	36864	26.50	36864	30.55	36864	30.64
36864	31.74	36864	26.52	36864	26.52	36864	30.67	36864	30.65
65536	31.80	65536	26.52	65536	26.53	65536	30.66	65536	30.66
65536	31.79	65536	26.50	65536	26.51	65536	30.66	65536	30.66
