1	15.374499		5.898693		0.464853
1	15.356606		5.818105		0.464822
4	3.867419		1.482060		0.117839
4	3.899273		1.482225		0.117915
8	2.067175		0.776419		0.062128
8	2.058653		0.777003		0.062116
12	1.382145		0.518508		0.041435
12	1.384362		0.518465		0.041437
16	1.057978		0.388413		0.031091
16	1.045633		0.388677		0.031092
20	0.823775		0.311279		0.024892
20	0.822568		0.310886		0.024893
24	0.835721		0.313704		0.025212
24	0.830183		0.313007		0.025416
28	0.834025		0.313098		0.025555
28	0.831984		0.313772		0.025318
32	0.830105		0.312878		0.025600
32	0.832785		0.313883		0.025802
40	0.832858		0.317459		0.025808
40	0.832480		0.315086		0.025543
