4096	9.30	114.34	4096	12.98	14.65	4096	12.21	12.20	4096	14.90	10.85	4096	15.63	11.88
4096	8.18	109.27	4096	11.73	13.47	4096	12.53	12.68	4096	18.03	13.23	4096	15.30	11.45
9216	8.87	104.17	9216	11.21	12.70	9216	11.65	11.28	9216	16.31	11.98	9216	14.20	11.21
9216	8.87	103.85	9216	10.76	12.76	9216	11.93	11.93	9216	15.76	11.31	9216	14.62	11.80
16384	8.27	101.37	16384	13.95	16.23	16384	15.03	14.94	16384	20.89	15.31	16384	19.76	14.35
16384	8.05	100.07	16384	14.44	16.63	16384	15.14	15.09	16384	15.75	11.74	16384	19.92	15.16
25600	8.09	93.55	25600	12.87	14.75	25600	13.34	13.54	25600	18.62	12.83	25600	18.17	13.25
25600	8.00	92.67	25600	12.65	14.31	25600	13.50	13.43	25600	18.99	13.23	25600	17.87	12.88
36864	8.48	97.80	36864	12.58	14.29	36864	13.28	13.38	36864	16.91	12.33	36864	16.60	12.29
36864	8.25	94.92	36864	12.49	14.04	36864	13.28	13.18	36864	17.07	12.33	36864	16.70	12.35
65536	8.30	96.67	65536	11.73	13.37	65536	12.44	12.38	65536	16.75	12.10	65536	16.26	11.88
65536	8.23	98.08	65536	11.80	13.46	65536	12.19	12.32	65536	16.44	11.93	65536	16.26	11.91
