32	0.000102		0.000162		0.000106
32	0.000103		0.000163		0.000119
64	0.000117		0.000169		0.000121
64	0.000117		0.000169		0.000119
128	0.000201		0.000184		0.000135
128	0.000201		0.000185		0.000133
256	0.000422		0.000253		0.000180
256	0.000424		0.000253		0.000183
512	0.001319		0.000682		0.000469
512	0.001334		0.000679		0.000475
1024	0.003300		0.000911		0.001172
1024	0.003222		0.001583		0.000955
2048	0.006048		0.002499		0.001690
2048	0.006053		0.002499		0.001690
4096	0.024144		0.008953		0.006021
4096	0.024563		0.008957		0.006025
6144	0.055468		0.019034		0.012871
6144	0.055012		0.019044		0.012813
8192	0.097530		0.032886		0.022233
8192	0.097214		0.033033		0.022309
10240	0.150520		0.050567		0.033897
10240	0.149278		0.050565		0.033967
12288	0.214674		0.071169		0.048297
12288	0.215635		0.071227		0.048203
16384	0.383560		0.124162		0.084330
16384	0.381221		0.124051		0.083579
