1440	28158.12	4419.85	4875.13
1440	28174.93	4426.67	4882.76
2880	112491.55	17412.43	18422.90
2880	112582.77	17605.08	18582.39
5760	450730.32	70665.31	73699.17
5760	453242.33	71838.16	74762.36
7200	702011.93	108021.51	111971.51
7200	702238.63	108203.06	112246.52
1440	28158.12	4419.85	4875.13
1440	28174.93	4426.67	4882.76
2880	112491.55	17412.43	18422.90
2880	112582.77	17605.08	18582.39
5760	450730.32	70665.31	73699.17
5760	453242.33	71838.16	74762.36
7200	702011.93	108021.51	111971.51
7200	702238.63	108203.06	112246.52
