4096	24.56	4096	21.71	4096	21.70	4096	24.34	4096	24.36
4096	24.90	4096	21.72	4096	21.82	4096	24.38	4096	24.53
9216	26.19	9216	22.72	9216	22.78	9216	25.92	9216	25.79
9216	26.20	9216	22.82	9216	22.78	9216	25.81	9216	25.76
16384	27.44	16384	23.60	16384	23.67	16384	26.96	16384	26.89
16384	27.36	16384	23.60	16384	23.63	16384	26.80	16384	26.85
25600	28.12	25600	23.98	25600	23.97	25600	27.33	25600	27.36
25600	28.23	25600	23.98	25600	24.00	25600	27.31	25600	27.34
36864	28.41	36864	24.18	36864	24.16	36864	27.58	36864	27.52
36864	28.39	36864	24.17	36864	24.19	36864	27.55	36864	27.56
65536	29.13	65536	24.76	65536	24.72	65536	28.26	65536	28.24
65536	29.13	65536	24.76	65536	24.71	65536	28.23	65536	28.24
