32	0.000112		0.000071		0.000118
32	0.000113		0.000087		0.000116
64	0.000128		0.000074		0.000122
64	0.000128		0.000150		0.000121
128	0.000222		0.000160		0.000135
128	0.000221		0.000160		0.000134
256	0.000465		0.000204		0.000180
256	0.000466		0.000204		0.000178
512	0.001419		0.000526		0.000472
512	0.001483		0.000510		0.000463
1024	0.002818		0.001115		0.001128
1024	0.003260		0.001121		0.000911
2048	0.006765		0.001490		0.001692
2048	0.006836		0.001489		0.001691
4096	0.027468		0.005042		0.006025
4096	0.027654		0.005034		0.006033
6144	0.061197		0.010481		0.012832
6144	0.060938		0.010473		0.012857
8192	0.108394		0.017883		0.022210
8192	0.106412		0.017892		0.022247
10240	0.167826		0.027005		0.034104
10240	0.166182		0.027056		0.034096
12288	0.238252		0.037910		0.048089
12288	0.238559		0.037900		0.048127
16384	0.423534		0.065408		0.083933
16384	0.423407		0.065612		0.083840
