1	162.472123		57.936507		4.622085
1	162.509342		57.915170		4.620480
4	41.098920		14.619397		1.161751
4	41.177170		14.632326		1.169479
8	21.770159		7.756750		0.618289
8	21.779419		7.757394		0.618452
12	14.595654		5.182642		0.414624
12	14.597400		5.184282		0.414644
16	10.894204		3.878592		0.308973
16	10.898988		3.876292		0.308953
20	8.836254		3.133674		0.250705
20	8.847172		3.133742		0.250710
24	8.858335		3.136234		0.250440
24	8.844373		3.118427		0.250783
28	8.841346		3.113289		0.250854
28	8.822056		3.120164		0.250777
32	8.806433		3.110716		0.250815
32	8.813108		3.117090		0.251574
40	8.804791		3.116821		0.252425
40	8.802624		3.114788		0.252051
