4096	9.02	4096	8.78	4096	8.76	4096	8.77	4096	8.77
4096	9.03	4096	8.77	4096	8.77	4096	8.79	4096	8.77
9216	10.94	9216	10.50	9216	10.51	9216	10.69	9216	10.70
9216	10.92	9216	10.49	9216	10.50	9216	10.69	9216	10.69
16384	12.38	16384	11.86	16384	11.84	16384	12.19	16384	12.19
16384	12.39	16384	11.85	16384	11.86	16384	12.21	16384	12.20
25600	13.48	25600	12.83	25600	12.80	25600	13.28	25600	13.28
25600	13.44	25600	12.78	25600	12.77	25600	13.25	25600	13.25
36864	14.38	36864	13.46	36864	13.47	36864	14.01	36864	14.02
36864	14.38	36864	13.47	36864	13.47	36864	14.05	36864	14.02
65536	15.45	65536	14.39	65536	14.41	65536	15.11	65536	15.12
65536	15.56	65536	14.41	65536	14.43	65536	15.14	65536	15.14
