0	0.002961		0.001075		0.000118
0	0.002378		0.001074		0.000117
1	0.005848		0.001678		0.000217
1	0.005358		0.002103		0.000225
4	0.011872		0.005728		0.000758
4	0.011983		0.005865		0.000733
16	0.040172		0.014935		0.001331
16	0.039663		0.014637		0.001509
64	0.146332		0.054212		0.004237
64	0.145510		0.052942		0.004240
256	0.560768		0.201124		0.015725
256	0.569085		0.199704		0.015717
1024	2.223194		0.787301		0.062788
1024	2.223010		0.781247		0.063532
4096	8.795493		3.107024		0.250788
4096	8.793957		3.109094		0.252126
9216	19.778463		6.970993		0.562044
9216	19.715347		6.992681		0.562241
16384	34.986634		12.416948		1.000674
16384	34.972060		12.410903		0.995279
25600	54.596596		19.354037		1.556276
25600	54.601795		19.350397		1.555031
36864	78.641938		27.871687		2.235069
36864	78.544250		27.839598		2.237035
65536	139.598123		49.491156		4.009454
65536	139.675529		49.479192		3.970904
