4096	1.996791	0.065779	4096	30.936809		3.050669		4.622041
4096	1.997391	0.065702	4096	30.945307		3.050492		4.621907
9216	4.497779	0.147006	9216	69.599820		6.867226		10.399816
9216	4.500525	0.147395	9216	69.594670		6.864455		10.403670
16384	8.005054	0.261246	16384	123.753189		12.249145		18.490677
16384	8.010080	0.261252	16384	123.752410		12.216940		18.492300
25600	12.513762	0.408434	25600	193.326492		19.115917		28.887929
25600	12.516828	0.408601	25600	193.381377		19.103808		28.888742
36864	18.022670	0.588159	36864	278.446495		27.548329		41.604392
36864	18.025343	0.588110	36864	278.400100		27.527933		41.600759
65536	32.030417	1.044626	65536	538.134898		48.931137		73.972172
65536	32.029873	1.044768	65536	500.293727		52.233241		73.995118
