0	0.002147		0.001078		0.000116
0	0.002868		0.001077		0.000118
1	0.005615		0.001505		0.000216
1	0.005845		0.001990		0.000220
4	0.012001		0.005377		0.000753
4	0.011487		0.005455		0.000753
16	0.038991		0.014533		0.001329
16	0.039296		0.014907		0.001228
64	0.146726		0.052475		0.004243
64	0.145740		0.052057		0.004239
256	0.559072		0.199169		0.015703
256	0.565593		0.200781		0.015737
1024	2.228825		0.787163		0.062953
1024	2.241633		0.787429		0.062965
4096	8.793847		3.109726		0.250861
4096	8.776734		3.109360		0.250716
9216	19.722571		6.982994		0.561762
9216	19.685179		6.982286		0.561942
16384	34.992538		12.383701		1.001053
16384	34.952452		12.392727		0.994842
25600	54.617972		19.337531		1.556822
25600	54.576171		19.352906		1.557234
36864	78.627234		27.859667		2.232810
36864	78.620244		27.830307		2.234528
65536	139.565523		49.511281		3.967150
65536	139.644748		49.488812		3.966327
