1	2.926544		0.323784		0.465066
1	2.927708		0.323739		0.464853
4	0.741595		0.082082		0.117744
4	0.740002		0.082117		0.118077
8	0.405310		0.043279		0.062121
8	0.407887		0.043492		0.062125
12	0.277519		0.028884		0.041437
12	0.277491		0.028883		0.041444
16	0.208110		0.021679		0.031089
16	0.208119		0.021679		0.031093
20	0.166576		0.017388		0.024893
20	0.166535		0.017364		0.024896
24	0.168689		0.017780		0.025217
24	0.170846		0.017597		0.025617
28	0.169444		0.017828		0.025698
28	0.170489		0.017760		0.025924
32	0.169926		0.017753		0.025921
32	0.169670		0.017999		0.025882
40	0.171663		0.017984		0.025705
40	0.170955		0.017887		0.025861
