0	2.72	25.81	3.27	5.66	3.63	4.91	5.53	5.24	1.01	5.37
0	2.76	25.34	3.18	5.61	3.59	4.89	5.51	5.46	1.00	5.47
1	2.91	21.99	2.67	4.77	3.77	5.22	5.35	5.33	6.13	4.38
1	3.92	28.84	3.08	5.40	3.92	5.23	3.14	3.01	7.67	5.30
4	2.27	23.11	3.50	4.49	4.35	3.93	4.99	4.59	6.35	4.30
4	2.22	27.38	3.53	4.38	2.84	4.11	4.33	4.27	6.39	4.27
16	2.91	27.23	2.95	5.28	4.25	4.72	5.71	6.29	8.51	5.83
16	2.70	25.15	3.03	5.24	3.76	5.58	5.56	5.90	8.26	6.95
64	2.79	34.01	3.58	7.35	4.24	6.30	7.14	7.08	10.98	7.30
64	2.79	34.69	3.56	7.30	4.27	6.36	7.23	7.18	9.70	6.94
256	2.81	36.00	3.56	7.68	4.41	6.58	7.26	7.23	11.06	7.32
256	2.80	35.50	3.55	7.50	4.40	6.57	7.34	7.30	11.00	7.28
1024	2.84	35.32	3.55	7.24	4.19	6.34	7.16	7.16	10.76	7.09
1024	2.85	35.56	3.53	7.35	4.28	6.29	7.17	7.05	10.75	7.10
2304	2.84	35.18	3.65	7.51	4.22	6.35	7.33	7.24	10.95	7.24
2304	2.84	35.40	3.65	7.47	4.27	6.34	7.26	7.28	11.02	7.26
4096	2.82	35.13	3.58	7.33	4.30	6.36	7.70	7.64	10.79	7.15
4096	2.74	33.29	3.59	7.36	4.29	6.42	7.25	7.16	10.82	7.15
9216	2.84	35.86	3.57	7.37	4.26	6.36	7.15	7.14	10.79	7.12
9216	2.78	34.28	3.59	7.32	4.29	6.37	7.17	7.15	10.72	7.13
16384	2.85	35.66	3.58	7.35	4.27	6.37	7.15	7.11	10.76	7.10
16384	2.76	34.29	3.58	7.36	4.27	6.36	7.18	7.13	10.75	7.12
25600	2.83	34.48	3.58	7.34	4.26	6.33	7.15	7.11	10.72	7.11
25600	2.82	35.32	3.58	7.34	4.26	6.34	7.16	7.10	10.70	7.11
36864	2.83	35.24	3.58	7.35	4.27	6.34	7.16	7.13	10.71	7.12
36864	2.82	35.04	3.58	7.35	4.26	6.35	7.16	7.13	10.70	7.10
65536	2.82	35.20	3.58	7.35	4.27	6.34	7.16	7.12	10.64	7.11
65536	2.82	35.23	3.58	7.35	4.27	6.35	7.16	7.12	10.70	7.10
