0	0.002991	0.001098	0.000703	0.000215	0.000609	0.000168	0.000681	0.000123	0.000682	0.000675	0.000127
0	0.002960	0.001071	0.000702	0.000221	0.000611	0.000170	0.000677	0.000123	0.000678	0.000680	0.000124
1	0.004660	0.001601	0.001106	0.000415	0.001184	0.000314	0.001225	0.000229	0.001012	0.000165	0.000231
1	0.005741	0.001466	0.001269	0.000412	0.001183	0.000302	0.000707	0.000225	0.001244	0.000162	0.000235
4	0.010975	0.004831	0.003443	0.000985	0.003013	0.000693	0.003531	0.000708	0.003292	0.000518	0.000766
4	0.013088	0.005898	0.003371	0.000956	0.003163	0.001114	0.003288	0.000759	0.003290	0.000515	0.000771
16	0.040651	0.013959	0.008912	0.003026	0.007716	0.001817	0.008659	0.001517	0.008653	0.001017	0.001484
16	0.039078	0.014477	0.008498	0.002803	0.008294	0.002207	0.008634	0.001553	0.008609	0.001042	0.001239
64	0.144071	0.051634	0.031116	0.008694	0.026767	0.006309	0.030063	0.004209	0.030910	0.002816	0.004236
64	0.147060	0.052740	0.030938	0.008696	0.026973	0.006310	0.030424	0.004210	0.029480	0.003040	0.004248
256	0.566055	0.201375	0.120654	0.033888	0.103427	0.023448	0.113628	0.015651	0.114783	0.010378	0.015686
256	0.557347	0.199395	0.118030	0.033252	0.103196	0.023433	0.114550	0.015611	0.114402	0.010398	0.015711
1024	2.234242	0.785975	0.462583	0.130328	0.400863	0.095644	0.451125	0.063007	0.449531	0.041771	0.063368
1024	2.233473	0.782760	0.465484	0.131994	0.402063	0.093997	0.449597	0.062679	0.449096	0.041771	0.063267
2304	4.993752	1.760803	1.064254	0.291793	0.896175	0.212455	1.028901	0.140366	1.022988	0.093405	0.141221
2304	4.981907	1.757105	1.060274	0.290736	0.901621	0.211299	1.027603	0.141638	1.027599	0.093237	0.141525
4096	8.801617	3.116425	1.851613	0.517589	1.599992	0.372447	1.923484	0.249914	1.797361	0.166531	0.251338
4096	8.814252	3.217435	1.852908	0.515963	1.609161	0.375380	1.805995	0.249132	1.792928	0.165699	0.250738
9216	20.282410	7.130782	4.132294	1.156286	3.579599	0.839679	4.012246	0.561153	3.998302	0.370465	0.561514
9216	19.838856	7.133158	4.125230	1.149578	3.585724	0.835420	4.015464	0.559701	3.995875	0.372911	0.560575
16384	35.471370	12.455946	7.330653	2.046457	6.339355	1.485399	7.083485	0.990091	7.083283	0.658182	0.997341
16384	35.171682	12.738653	7.316367	2.044183	6.334409	1.484653	7.101134	0.988552	7.085678	0.659049	0.995071
25600	55.234784	19.539513	11.415890	3.190590	9.864003	2.315330	11.044679	1.545600	11.052508	1.031140	1.553858
25600	54.954343	19.489459	11.420776	3.188350	9.871552	2.319201	11.052151	1.543496	11.054811	1.033126	1.553833
36864	78.926119	27.936035	16.419068	4.582925	14.197535	3.327396	15.905064	2.222708	15.895417	1.484006	2.233911
36864	78.746729	27.902111	16.415854	4.588151	14.198912	3.331563	15.913793	2.222106	15.890780	1.484535	2.239601
65536	139.764763	49.600084	29.153858	8.143270	25.208393	5.908782	28.227494	3.942462	28.205719	2.651456	3.966808
65536	139.793801	49.598856	29.162768	8.143303	25.218150	5.911014	28.222805	3.939276	28.212099	2.636531	3.971727
