1	2.80	35.15	3.36	6.91	4.01	5.98	6.76	6.69	10.14	6.69
1	2.81	35.17	3.36	6.92	4.01	5.98	6.73	6.69	9.80	6.69
4	2.81	35.38	3.38	6.95	3.99	5.96	6.56	6.70	10.11	6.68
4	2.81	35.21	3.37	6.91	3.86	6.01	6.73	6.65	10.13	6.68
8	2.81	35.21	3.50	7.18	4.17	6.21	7.00	6.94	10.55	6.96
8	2.81	35.22	3.49	7.17	4.18	6.24	6.99	6.94	10.55	6.97
12	2.82	35.20	3.60	7.39	4.29	6.39	7.21	7.15	10.74	7.09
12	2.82	35.20	3.60	7.39	4.29	6.39	7.20	7.14	10.76	7.10
16	2.81	35.26	3.62	7.44	4.32	6.45	7.23	7.17	10.91	7.21
16	2.81	35.28	3.62	7.44	4.31	6.44	7.26	7.20	10.94	7.22
20	2.82	35.25	3.67	7.55	4.30	6.42	7.32	7.26	10.87	7.18
20	2.82	35.29	3.59	7.75	4.36	6.55	7.31	7.25	11.06	7.59
24	2.82	35.37	3.60	7.39	4.30	6.39	7.21	7.15	10.94	7.21
24	2.84	35.27	3.60	7.42	4.30	6.42	7.23	7.18	10.94	7.23
28	2.84	35.24	3.61	7.40	4.30	6.43	7.24	7.17	10.96	7.21
28	2.83	35.18	3.61	7.44	4.31	6.49	7.30	7.34	10.87	7.12
32	2.83	35.11	3.59	7.42	4.27	6.40	7.19	7.14	10.91	7.18
32	2.83	35.03	3.58	7.35	4.31	6.39	7.19	7.13	10.80	7.13
40	2.82	34.88	3.61	7.38	4.29	6.40	7.24	7.24	10.88	7.23
40	2.83	34.92	3.61	7.39	4.27	6.40	7.16	7.13	10.77	7.15
