4096	8.58	103.00	4096	12.24	14.19	4096	13.10	13.08	4096	17.44	12.55	4096	17.70	12.61
4096	8.58	102.17	4096	12.30	14.26	4096	13.37	13.31	4096	17.57	12.59	4096	17.78	12.52
9216	8.52	100.45	9216	11.72	13.28	9216	12.36	12.35	9216	16.44	11.81	9216	16.20	11.63
9216	8.52	100.44	9216	11.83	13.40	9216	12.17	12.17	9216	16.42	11.79	9216	16.46	11.83
16384	8.50	100.47	16384	12.44	14.09	16384	12.09	12.09	16384	17.30	12.41	16384	16.08	11.56
16384	8.50	100.36	16384	11.60	13.14	16384	12.97	12.98	16384	16.13	11.58	16384	16.12	11.56
25600	8.49	100.40	25600	11.47	13.02	25600	11.94	11.94	25600	15.89	11.42	25600	16.74	12.04
25600	8.49	100.12	25600	12.15	13.76	25600	11.96	11.96	25600	16.88	12.14	25600	16.90	12.14
36864	8.46	99.81	36864	11.47	13.02	36864	11.97	11.96	36864	16.02	11.45	36864	16.05	11.44
36864	8.47	99.81	36864	11.48	13.05	36864	11.97	11.96	36864	16.02	11.45	36864	16.03	11.44
65536	8.48	100.39	65536	11.32	12.83	65536	11.76	11.76	65536	15.73	11.29	65536	15.72	11.29
65536	8.48	100.44	65536	11.37	12.87	65536	11.76	11.76	65536	15.65	11.23	65536	15.65	11.23
