1	123725.68	19347.44	19328.28
1	123630.79	19183.30	19167.18
4	31328.92	4896.22	4918.49
4	31352.50	4961.81	4986.18
8	17165.07	2589.12	2590.80
8	17157.65	2601.21	2604.08
12	11747.44	1738.80	1740.86
12	11743.66	1733.20	1733.34
16	8803.05	1294.50	1295.32
16	8801.47	1288.41	1288.08
20	7046.88	1102.42	1066.53
20	7351.54	1114.62	1080.34
24	7062.44	1073.02	1589.36
24	7052.30	1062.72	1561.79
28	7058.64	1070.76	1425.51
28	7060.88	1066.96	1423.19
32	7059.85	1075.10	1428.65
32	7055.58	1069.79	1437.44
40	123725.68	19347.44	19328.28
40	123630.79	19183.30	19167.18
1	31328.92	4896.22	4918.49
1	31352.50	4961.81	4986.18
4	17165.07	2589.12	2590.80
4	17157.65	2601.21	2604.08
8	11747.44	1738.80	1740.86
8	11743.66	1733.20	1733.34
12	8803.05	1294.50	1295.32
12	8801.47	1288.41	1288.08
16	7046.88	1102.42	1066.53
16	7351.54	1114.62	1080.34
20	7062.44	1073.02	1589.36
20	7052.30	1062.72	1561.79
24	7058.64	1070.76	1425.51
24	7060.88	1066.96	1423.19
28	7059.85	1075.10	1428.65
28	7055.58	1069.79	1437.44
32			
32			
40			
40			
