60	532.47		64.94		59.59
60	465.98		67.84		55.33
240	606.41		208.11		28.26
240	593.15		216.24		29.28
960	1146.45		805.66		53.97
960	1168.59		804.72		53.34
1920	1950.88		1622.18		104.03
1920	1953.30		1613.80		117.24
3840	3549.27		3224.49		203.80
3840	3568.80		3224.17		224.50
7680	6802.17		6417.08		406.06
7680	6880.57		6449.31		406.19
15360	13157.51	12808.21	804.33
15360	13203.85	12886.24	816.08
30720	26059.06	25627.00	1602.03
30720	25984.21	25646.61	1600.63
61440	51654.76	51134.15	3194.16
61440	51463.81	51119.26	3194.23
122880	102569.74	102223.68	6387.13
122880	102649.68	102225.84	6386.87
