60	54.47	53.13	4.16	4.15
60	63.14	33.16	4.14	4.14
240	132.87	132.84	16.59	16.59
240	132.87	132.69	16.59	16.59
960	700.26	690.15	96.34	96.29
960	828.08	670.09	87.31	102.99
1920	1372.68	1065.63	132.77	132.73
1920	1387.21	1498.31	163.60	162.65
3840	2135.81	2127.72	265.78	265.77
3840	2500.74	2136.11	265.77	265.62
7680	4970.60	5184.96	531.28	531.84
7680	5321.72	4259.67	531.40	531.54
15360	9862.93	8510.94	1063.83	1071.15
15360	8804.09	8514.69	1063.97	1063.52
30720	18195.78	17603.30	2133.59	2127.58
30720	17168.11	17015.28	2134.61	2137.93
61440	35346.10	34702.15	4255.98	4260.60
61440	37703.73	34925.15	4254.26	4260.84
