60	824.80	27.45	34.36
60	653.51	26.10	26.91
240	1512.44	62.04	66.52
240	1439.20	62.09	64.28
960	4810.88	262.02	279.20
960	4852.24	250.48	261.01
1920	9230.93	582.77	566.05
1920	9288.07	583.94	544.17
3840	18177.44	1346.87	1118.86
3840	18110.55	1313.55	1130.91
7680	36042.70	2287.80	2484.18
7680	36066.31	2558.99	2398.88
15360	71603.00	4415.20	4117.84
15360	71386.11	4360.21	5295.81
30720	142128.91	10327.98	13980.12
30720	141903.83	9010.52	15265.05
61440	283360.54	27222.51	25388.42
61440	283309.10	24202.51	26553.66
122880	566037.16	56030.74	62388.77
122880	566074.31	55410.21	60859.08
