0	0.91	3.95	0.54	0.99	0.56	0.78	0.98	0.97	0.99	0.94
0	0.90	3.82	0.55	0.99	0.62	0.86	0.99	0.97	0.57	0.52
1	0.93	4.23	0.59	1.05	1.22	0.98	1.05	1.06	0.58	0.71
1	0.94	4.26	0.59	1.07	0.68	0.98	1.04	1.05	0.87	1.51
4	0.51	5.01	0.93	1.69	0.81	1.13	1.64	1.62	1.39	1.66
4	0.54	5.03	0.93	1.67	1.06	1.46	1.63	1.68	1.38	1.64
16	1.15	11.73	1.45	2.72	1.67	2.35	2.54	2.64	2.29	2.64
16	0.95	9.88	1.44	2.70	1.67	2.32	2.54	2.62	2.27	2.59
64	1.32	13.76	1.67	3.30	1.99	2.88	3.11	3.13	2.79	3.10
64	1.32	13.86	1.66	3.17	1.94	2.85	3.29	3.14	2.88	3.15
256	1.33	13.87	1.87	4.14	1.83	2.33	3.49	3.54	3.85	3.58
256	1.33	10.28	2.53	4.48	2.12	2.83	2.97	3.15	3.24	3.44
1024	1.63	20.67	2.05	4.15	2.42	3.58	4.02	4.00	4.53	4.00
1024	1.68	21.25	2.05	4.15	2.42	3.58	4.02	4.00	4.55	4.00
2304	1.81	22.73	2.23	4.52	2.63	3.91	4.42	4.39	5.04	4.39
2304	1.75	22.63	2.23	4.52	2.62	3.89	4.41	4.37	5.05	4.38
4096	1.82	22.94	2.31	4.71	2.70	4.01	4.58	4.54	5.47	4.59
4096	1.81	22.85	2.33	4.75	2.75	4.10	4.57	4.53	5.35	4.50
9216	1.86	23.16	2.42	4.96	2.91	4.33	4.81	4.78	5.86	4.79
9216	1.87	23.29	2.45	4.97	2.88	4.28	4.80	4.75	5.90	4.81
16384	1.96	24.11	2.45	5.03	2.96	4.38	4.91	4.89	6.09	4.90
16384	1.95	23.74	2.46	4.96	2.94	4.35	4.88	4.83	5.99	4.82
25600	1.99	24.33	2.58	5.24	2.99	4.47	4.94	4.91	6.15	4.88
25600	1.98	24.26	2.53	5.14	2.99	4.43	4.98	4.93	6.16	4.92
36864	2.04	24.88	2.54	5.15	3.00	4.46	5.02	4.99	6.31	4.97
36864	2.06	25.06	2.54	5.17	3.03	4.48	4.98	4.95	6.32	4.98
65536	2.07	25.51	2.60	5.26	3.07	4.56	5.13	5.06	6.47	5.06
65536	2.08	25.53	2.60	5.26	3.08	4.55	5.11	5.06	6.47	5.05
