0	0.000450	0.000492	0.000116	0.000215	0.000087	0.000156	0.000114	0.000117	0.000113	0.000114	0.000120
0	0.000450	0.000502	0.000117	0.000214	0.000096	0.000155	0.000114	0.000115	0.000064	0.000113	0.000122
1	0.000507	0.000546	0.000127	0.000216	0.000110	0.000090	0.000127	0.000121	0.000085	0.000147	0.000120
1	0.000507	0.000537	0.000127	0.000216	0.000111	0.000164	0.000127	0.000122	0.000128	0.000147	0.000085
4	0.000681	0.001326	0.000226	0.000242	0.000145	0.000179	0.000222	0.000135	0.000222	0.000160	0.000134
4	0.000688	0.001263	0.000225	0.000243	0.000197	0.000186	0.000221	0.000136	0.000221	0.000160	0.000135
16	0.002134	0.001849	0.000484	0.000334	0.000421	0.000252	0.000467	0.000184	0.000465	0.000203	0.000176
16	0.001769	0.001858	0.000480	0.000333	0.000423	0.000254	0.000464	0.000183	0.000461	0.000203	0.000178
64	0.006276	0.004768	0.001529	0.000918	0.001356	0.000682	0.001478	0.000476	0.001445	0.000518	0.000467
64	0.006112	0.004632	0.001479	0.000893	0.001344	0.000693	0.001491	0.000453	0.001495	0.000519	0.000475
256	0.009568	0.007202	0.003870	0.002067	0.002674	0.001459	0.003796	0.001088	0.003527	0.000917	0.000984
256	0.009446	0.007120	0.003905	0.001541	0.003316	0.001562	0.003382	0.001137	0.003757	0.001159	0.001091
1024	0.034960	0.021474	0.007001	0.003423	0.006047	0.002498	0.006759	0.001680	0.006759	0.001493	0.001692
1024	0.035945	0.021447	0.007003	0.003421	0.006051	0.002497	0.006757	0.001681	0.006762	0.001487	0.001691
2304	0.079522	0.043955	0.015782	0.007077	0.013665	0.005187	0.015345	0.003471	0.015352	0.003045	0.003501
2304	0.079125	0.045226	0.015828	0.007098	0.013608	0.005190	0.015287	0.003470	0.015329	0.003038	0.003501
4096	0.138300	0.075783	0.028371	0.012274	0.024188	0.008962	0.027334	0.005968	0.027633	0.005051	0.006023
4096	0.137855	0.075985	0.028574	0.012274	0.024680	0.008960	0.027314	0.005972	0.027131	0.005067	0.006029
9216	0.297343	0.159689	0.063705	0.026291	0.055572	0.019102	0.061225	0.012723	0.061395	0.010481	0.012828
9216	0.298031	0.159166	0.063922	0.026068	0.054894	0.019041	0.061002	0.012708	0.061812	0.010479	0.012854
16384	0.534699	0.272222	0.111278	0.045389	0.097568	0.033012	0.108360	0.022089	0.108959	0.017898	0.022236
16384	0.527809	0.271176	0.111271	0.045311	0.096581	0.032861	0.107535	0.022050	0.107405	0.017925	0.022291
25600	0.826504	0.415733	0.177243	0.068770	0.151702	0.050742	0.166228	0.033632	0.166097	0.026995	0.034036
25600	0.823053	0.415391	0.174435	0.068855	0.150408	0.050367	0.166805	0.033524	0.166606	0.027059	0.033857
36864	1.201285	0.589098	0.248170	0.097541	0.214775	0.071707	0.240078	0.047818	0.239882	0.038037	0.048229
36864	1.213241	0.589559	0.249155	0.098062	0.215110	0.071037	0.239153	0.048001	0.239511	0.037926	0.048086
65536	2.134868	1.031413	0.440411	0.169682	0.381942	0.124614	0.423735	0.082670	0.423528	0.065495	0.083734
65536	2.135157	1.028922	0.440163	0.169280	0.381598	0.123780	0.423238	0.082829	0.424232	0.065551	0.083980
