1	1.77	21.99	2.13	4.33	2.53	3.75	4.22	4.19	4.85	4.18
1	1.77	21.98	2.13	4.33	2.52	3.76	4.22	4.18	5.01	4.18
4	1.83	22.42	2.21	4.51	2.56	3.79	4.24	4.23	5.01	4.18
4	1.82	22.51	2.05	4.36	2.50	3.73	4.30	4.24	5.02	4.19
8	1.78	21.92	2.19	4.45	2.61	3.86	4.37	4.33	5.20	4.34
8	1.78	21.92	2.21	4.49	2.61	3.86	4.35	4.31	5.20	4.34
12	1.78	21.92	2.27	4.60	2.66	3.94	4.41	4.37	5.26	4.39
12	1.78	21.92	2.23	4.53	2.67	3.95	4.49	4.45	5.27	4.40
16	1.78	21.93	2.27	4.61	2.69	3.99	4.49	4.45	5.33	4.45
16	1.78	21.92	2.27	4.60	2.69	3.99	4.49	4.45	5.33	4.45
20	1.78	21.88	2.27	4.61	2.83	4.20	4.49	4.68	5.33	4.45
20	1.88	23.05	2.27	4.84	2.69	3.99	4.49	4.44	5.33	4.45
24	1.78	22.12	2.27	4.61	2.70	4.00	4.49	4.45	5.32	4.45
24	1.79	22.16	2.27	4.60	2.69	3.99	4.49	4.46	5.33	4.45
28	1.77	22.46	2.28	4.63	2.69	3.99	4.52	4.48	5.42	4.53
28	1.75	22.06	2.32	4.72	2.70	4.00	4.55	4.51	5.36	4.47
32	1.78	22.22	2.31	4.72	2.70	4.01	4.49	4.45	5.39	4.51
32	1.77	22.04	2.32	4.71	2.70	4.00	4.57	4.53	5.37	4.48
40	1.83	22.78	2.28	4.65	2.69	4.01	4.55	4.51	5.42	4.55
40	1.79	22.69	2.29	4.67	2.70	4.03	4.56	4.72	5.44	4.56
