1	0.537860	0.568548	15.686667			0.002193	0.001514
1	0.538166	0.568566	15.687735			0.002195	0.001519
4	0.134937	0.568604	15.688228			0.002196	0.001517
4	0.136338	0.568680	15.688963			0.002198	0.001520
8	0.074432	0.568649	15.689991			0.002198	0.001517
8	0.074196	0.568684	15.689253			0.002197	0.001519
12	0.051108	0.568640	15.690089			0.002194	0.001518
12	0.051034	0.568741	15.689852			0.002197	0.001518
16	0.038275	0.568659	15.688661			0.002196	0.001517
16	0.038274	0.568640	15.688407			0.002194	0.001518
20	0.030641	0.568594	15.688382			0.002196	0.001515
20	0.030642	0.568611	15.687712			0.002195	0.001518
24	0.030766	0.568590	15.688215			0.002198	0.001517
24	0.030745	0.568645	15.689122			0.002195	0.001518
28	0.030898	0.568663	15.690270			0.002196	0.001519
28	0.030884	0.568711	15.690087			0.002194	0.001517
32	0.032133	0.568803	15.691619			0.002197	0.001521
32	0.031557	0.568790	15.691915			0.002197	0.001517
40	0.031241	0.568788	15.691507			0.002198	0.001519
40	0.031030	0.568821	15.693842			0.002196	0.001520
