32	0.000313		0.000168		0.000120
32	0.000185		0.000169		0.000118
64	0.000676		0.000305		0.000217
64	0.000676		0.000303		0.000218
128	0.000874		0.000443		0.000304
128	0.001166		0.000445		0.000309
256	0.001884		0.000713		0.000489
256	0.001890		0.000639		0.000488
512	0.004658		0.001670		0.001144
512	0.004681		0.001805		0.001233
1024	0.010884		0.002671		0.001789
1024	0.010857		0.002665		0.001793
2048	0.040460		0.010439		0.006868
2048	0.040291		0.010298		0.006694
4096	0.153904		0.038438		0.025573
4096	0.153307		0.038816		0.025688
6144	0.341770		0.082724		0.056378
6144	0.338071		0.082757		0.056547
8192	0.598829		0.146405		0.097937
8192	0.603140		0.146424		0.098391
10240	0.931515		0.229075		0.151694
10240	0.932006		0.226334		0.152182
12288	1.362592		0.322554		0.216813
12288	1.371514		0.322969		0.217253
16384	2.406253		0.575212		0.383820
16384	2.400010		0.573811		0.385652
